96
199 194 373 806 378 433 174 889 33 265 840 128 143 924 810 909
233 194 79 529 396 442 644 779 43 187 974 252 979 489 52 461
993 419 153 408 139 948 709 948 945 265 649 252 356 885 778 909
233 194 989 523 208 773 644 1017 95 769 355 915 979 984 742 461
993 419 85 647 972 773 709 948 303 624 276 506 191 63 746 909
602 194 989 842 208 773 260 663 584 495 113 715 598 333 296 1001
993 419 85 647 450 773 709 355 857 339 649 218 693 318 996 1001
302 575 520 414 208 67 644 355 416 358 113 715 693 125 603 673
302 701 312 908 162 67 709 985 626 15 62 841 693 479 487 584
302 498 520 430 457 727 13 74 349 358 62 715 378 93 529 620
302 498 728 902 108 727 709 961 870 15 127 749 253 478 996 584
302 498 825 902 108 191 650 961 444 483 81 749 449 473 957 193
302 498 728 902 404 191 709 272 524 483 272 841 128 254 513 193
302 498 728 877 141 773 709 592 856 483 81 841 191 479 487 584
302 498 728 902 108 727 709 985 626 153 81 841 693 479 487 584
302 498 728 877 296 939 650 323 717 153 81 749 449 479 996 193
302 498 728 460 692 191 274 323 524 974 453 841 191 473 487 584
302 498 728 902 108 727 202 233 391 483 955 715 120 479 996 584
302 498 728 877 296 191 650 813 524 153 272 347 449 479 996 193
997 575 85 962 208 97 425 60 447 974 279 841 281 479 487 584
997 575 269 925 789 191 875 60 524 153 276 841 128 479 996 584
997 498 236 985 709 939 571 60 667 143 846 238 876 453 707 584
997 575 241 529 628 67 709 355 23 483 62 841 378 479 1007 584
997 575 269 902 54 939 80 661 506 305 62 218 281 479 771 584
997 575 241 962 856 191 875 60 788 997 544 548 982 453 876 987
997 575 269 418 452 939 80 60 427 997 540 218 490 479 1007 396
997 575 241 962 692 191 571 361 24 910 290 373 383 479 414 793
997 575 269 889 54 939 80 661 506 997 62 218 378 479 81 716
997 575 241 962 452 865 571 60 175 910 544 874 982 71 222 391
997 575 269 889 445 727 80 60 240 208 430 953 378 479 81 584
997 575 269 432 452 939 571 323 175 974 430 218 982 479 45 137
997 575 269 246 452 939 308 361 175 997 540 464 383 479 974 793
997 575 269 706 129 939 308 361 189 443 450 391 383 479 922 793
997 575 269 889 452 939 80 361 788 997 452 391 383 479 484 301
997 575 269 889 452 939 80 489 492 333 407 391 911 479 977 1014
997 575 269 889 452 939 80 489 955 118 1009 765 911 413 269 1014
997 575 241 432 452 939 571 489 788 52 430 218 982 479 54 1014
997 575 269 889 452 939 80 661 473 997 655 490 120 479 54 1014
997 575 241 154 928 939 571 323 788 997 649 765 383 413 891 1014
997 575 269 889 452 939 80 661 473 82 540 490 246 413 635 472
997 575 241 432 452 939 571 323 788 997 845 218 383 479 54 1014
997 575 269 889 452 939 80 661 512 800 540 490 911 413 635 1014
997 575 241 154 171 939 571 323 4 554 931 218 960 413 891 1014
997 575 269 889 68 939 571 323 558 70 955 680 649 413 635 1014
997 575 269 706 129 939 571 323 4 554 931 470 960 413 840 81
997 575 269 706 129 939 260 489 557 699 931 867 383 413 234 570
997 575 269 246 129 939 571 323 788 699 691 192 383 413 586 6
997 575 257 246 129 820 571 489 492 554 655 192 383 413 234 840
997 575 267 246 129 820 571 60 492 554 207 391 383 810 766 840
997 575 267 444 129 939 571 323 492 70 687 470 383 479 235 225
997 575 257 444 129 820 571 323 921 70 766 391 383 479 481 225
997 575 257 246 129 820 571 60 921 70 844 391 383 810 481 840
997 575 267 246 352 820 571 60 921 70 766 391 383 810 767 777
997 575 267 444 352 820 571 988 491 70 687 101 866 479 516 237
997 575 267 246 352 820 571 988 491 70 766 101 866 479 516 237
690 929 257 289 352 939 571 988 297 244 355 69 866 479 113 237
239 99 891 318 1001 213 571 988 491 279 445 219 82 376 765 680
309 565 891 318 396 677 571 988 297 31 979 219 562 558 132 237
393 63 906 838 47 213 475 60 92 154 765 639 974 758 315 985
36 731 85 888 105 20 76 805 92 334 738 218 1013 710 132 357
36 38 163 995 105 655 981 120 563 619 353 1023 232 506 884 588
36 360 163 408 492 747 981 391 941 619 353 347 232 506 884 396
36 591 163 430 492 906 981 391 941 736 979 218 232 506 884 396
36 591 163 430 492 906 1017 632 941 736 979 497 769 506 884 396
36 591 163 383 492 377 661 656 941 947 979 497 769 758 884 396
809 21 675 383 492 747 20 656 941 947 19 497 769 758 884 396
238 38 163 689 492 555 940 773 417 619 979 841 232 506 707 396
50 118 163 408 105 555 940 744 554 619 153 841 156 506 487 662
977 360 163 273 628 747 981 391 417 947 979 347 874 89 537 399
977 360 906 741 973 998 475 961 166 931 19 347 333 643 106 731
393 384 163 509 105 231 76 391 629 644 979 52 176 643 135 396
393 781 163 408 492 906 68 656 629 991 979 514 594 758 648 396
393 781 163 408 492 623 68 252 629 235 979 13 769 758 884 396
393 781 675 383 492 623 68 656 629 235 979 13 594 758 884 396
393 781 675 383 492 747 940 747 629 235 979 13 642 758 884 396
393 781 675 689 492 623 940 234 629 235 979 13 594 758 884 396
393 781 675 383 492 377 940 158 861 991 979 347 642 643 884 396
393 781 675 383 492 747 940 234 629 619 979 497 594 756 884 396
393 781 675 383 492 747 940 234 629 619 979 347 594 756 884 396
393 781 675 689 492 747 940 846 288 619 979 347 148 506 884 396
393 781 675 689 492 747 940 234 629 619 979 347 594 506 884 396
393 781 675 689 492 747 940 234 629 619 979 347 594 643 884 396
393 373 163 408 492 747 940 252 1011 619 979 347 594 643 884 396
393 151 675 509 492 747 940 50 1011 696 979 340 594 776 648 396
393 781 675 689 492 623 940 391 629 991 979 13 594 643 884 396
393 781 675 689 492 747 940 992 330 619 979 347 594 227 884 396
393 781 675 689 492 747 940 391 629 619 979 347 594 506 884 396
393 731 269 383 492 213 68 252 941 619 979 497 594 506 884 396
393 360 906 325 973 225 68 656 532 700 979 13 769 506 648 396
393 46 906 838 506 225 860 758 532 947 979 873 769 506 648 396
393 731 906 838 506 125 281 323 582 335 979 514 769 643 648 396
393 46 906 838 506 225 475 656 858 619 979 514 769 786 1023 396
393 731 891 279 506 225 860 762 858 931 979 873 769 758 648 396
393 731 891 279 506 225 860 543 858 947 979 873 769 758 648 396
393 731 891 279 282 225 860 543 858 619 979 915 769 758 648 396
455 612 329 940 506 852 475 656 858 947 979 514 769 758 648 396
