89
137 296 195 256 214 134 294 86 553 333 873 37 788 112 971 15
829 237 141 196 913 181 701 280 305 271 821 796 593 364 661 277
984 680 190 67 62 439 706 827 263 473 393 481 982 165 795 528
986 415 593 420 908 225 617 257 30 719 21 870 731 152 741 436
275 788 137 591 869 860 779 394 150 736 837 69 132 594 811 352
437 495 357 479 707 237 603 133 388 24 747 884 680 916 525 995
704 224 929 971 217 927 797 686 936 7 800 947 483 12 930 690
849 11 792 540 932 750 573 101 426 375 310 840 505 741 124 784
306 723 202 645 112 998 239 903 480 642 312 944 293 860 504 339
158 653 435 185 953 403 216 466 615 470 650 41 49 490 45 330
64 798 76 716 263 207 118 46 789 216 907 545 805 64 57 996
522 666 219 262 226 568 798 240 1015 252 729 669 56 653 513 633
522 631 725 341 535 378 724 404 397 488 452 984 393 888 443 371
233 355 168 815 950 573 417 372 813 201 500 570 332 785 363 715
522 258 672 526 96 255 124 1014 759 953 501 854 870 446 889 91
522 258 749 148 803 721 220 407 561 675 1019 828 629 570 613 906
522 841 474 341 686 406 303 816 171 469 50 962 533 510 882 47
522 258 366 524 909 15 1019 431 799 534 1019 447 392 304 370 168
522 666 509 302 205 764 740 2 712 286 698 773 149 1023 112 658
1002 304 21 561 547 60 793 909 407 334 68 478 962 631 698 767
522 666 448 341 301 302 888 123 561 649 923 1003 493 85 272 223
522 666 144 341 1002 721 885 346 820 31 981 878 542 395 32 500
476 622 378 615 606 109 408 702 606 886 29 708 425 779 594 197
699 969 436 690 352 812 486 464 155 224 971 751 965 19 495 474
652 418 722 942 430 651 130 920 727 847 170 73 720 83 692 459
285 512 275 986 777 880 775 642 753 51 594 975 851 890 841 599
118 918 443 912 548 390 191 810 896 117 969 524 687 755 218 280
791 31 714 702 5 84 942 77 845 225 408 36 976 976 49 147
783 352 37 33 231 114 389 201 239 493 940 578 449 243 802 161
424 338 530 365 644 398 420 359 414 483 493 548 116 264 108 710
805 917 568 87 760 339 581 575 1004 36 427 710 470 1008 34 593
167 388 952 737 215 121 192 886 949 403 816 518 907 50 696 717
591 35 360 198 1001 239 174 944 614 140 390 946 111 342 885 608
940 920 944 241 42 276 697 330 433 966 99 679 163 1010 281 111
522 631 200 179 927 458 557 638 478 573 634 628 866 347 945 588
522 631 672 341 334 180 888 968 816 697 1019 273 112 681 273 375
522 631 672 341 96 272 303 290 351 955 1019 167 838 480 1012 682
1015 673 215 1004 165 231 893 181 895 754 154 468 690 246 630 382
67 301 41 898 102 140 609 21 705 159 42 309 260 996 935 397
568 287 1010 517 490 882 354 876 685 272 458 22 268 885 588 29
355 491 841 594 700 912 385 34 637 34 713 1007 943 897 742 235
415 381 411 806 170 100 544 885 5 777 126 161 552 163 135 924
420 661 510 348 1007 349 758 930 788 552 695 266 816 972 150 806
707 507 138 525 514 548 744 472 893 831 375 734 951 912 225 662
157 539 411 667 653 779 88 695 519 382 94 386 929 682 419 316
284 862 948 590 537 1010 144 583 35 688 826 221 998 299 312 464
884 833 237 385 240 320 132 528 744 1017 274 207 404 713 703 511
508 950 265 583 729 243 914 502 977 702 192 340 656 464 232 972
820 746 385 428 34 999 407 805 919 18 753 633 854 37 325 620
268 629 7 412 852 774 488 878 279 961 935 976 530 4 37 437
484 991 239 12 790 49 304 32 879 916 140 981 390 658 121 901
365 207 19 810 354 702 55 877 617 592 763 1023 867 494 239 219
650 700 122 328 14 444 32 927 177 799 938 116 633 22 707 1015
538 666 371 283 574 821 825 364 774 185 347 166 445 133 656 680
522 258 569 657 673 367 231 442 170 833 217 324 225 237 0 438
233 445 701 139 420 783 872 208 961 42 417 614 402 751 933 583
537 179 282 154 801 79 53 669 69 89 896 119 329 72 645 226
589 896 173 885 267 11 388 169 747 814 883 131 648 534 222 335
790 842 925 782 202 115 487 625 446 451 254 858 414 861 361 65
878 945 788 325 796 582 406 249 565 980 470 400 316 314 632 259
400 869 1006 557 612 473 852 673 715 166 673 91 172 770 883 994
973 663 567 746 942 906 884 505 721 175 486 150 77 906 1008 81
94 144 732 100 880 661 559 13 596 22 336 419 890 478 42 984
338 333 924 147 411 922 272 970 730 802 939 103 607 773 950 106
113 431 105 874 643 188 583 656 255 775 366 203 575 968 383 256
183 49 578 209 696 688 600 587 706 725 685 94 974 134 1007 145
590 995 730 633 767 599 923 550 439 724 137 517 716 995 881 592
796 961 160 822 861 411 999 556 354 182 631 791 802 181 461 758
199 933 999 107 176 595 247 102 346 872 949 299 981 426 543 45
825 304 39 526 412 664 218 611 489 957 15 829 784 530 1011 54
396 996 887 261 60 68 479 734 624 133 398 84 726 969 963 667
335 297 293 1002 850 668 214 461 53 93 741 314 813 913 186 651
289 514 403 675 935 218 992 982 364 61 527 621 825 949 441 21
4 760 723 683 476 337 184 522 168 668 555 899 923 362 636 69
322 620 575 937 825 554 151 1023 387 50 530 379 25 84 921 855
615 467 32 263 370 865 179 808 474 395 456 665 381 794 519 460
611 244 44 79 724 214 266 113 128 459 710 512 823 121 541 661
385 854 888 723 591 638 399 865 992 356 812 681 649 488 400 624
610 214 744 1006 22 694 912 285 34 211 758 813 573 967 595 170
758 864 415 965 785 883 238 211 334 698 116 609 238 263 614 487
14 424 902 453 907 953 1012 785 587 977 956 488 27 753 612 893
605 19 822 47 965 949 38 856 44 143 668 624 763 349 766 531
173 489 47 440 264 198 222 823 28 407 626 208 403 886 331 739
244 85 680 415 840 213 142 163 686 370 607 822 378 541 126 778
774 436 299 977 234 604 612 25 340 758 27 915 169 683 977 212
67 411 221 978 997 381 316 637 350 749 203 191 223 803 436 314
274 676 748 809 723 299 976 784 431 682 606 83 750 503 532 991
1002 480 61 800 716 267 253 97 545 498 130 860 0 492 358 863
64 494 107 252 441 466 415 409 438 1015 337 1001 383 373 690 137
